Nombre de points: 25
Nombre de triangles: 32

Points:
0 0 0
1 0.25 0
2 0.5 0
3 0.75 0
4 1 0
5 0 0.25
6 0.25 0.25
7 0.5 0.25
8 0.75 0.25
9 1 0.25
10 0 0.5
11 0.25 0.5
12 0.5 0.5
13 0.75 0.5
14 1 0.5
15 0 0.75
16 0.25 0.75
17 0.5 0.75
18 0.75 0.75
19 1 0.75
20 0 1
21 0.25 1
22 0.5 1
23 0.75 1
24 1 1

Triangles:
0 0 1 6 1
1 0 6 5 1
2 1 2 7 1
3 1 7 6 1
4 2 3 8 1
5 2 8 7 1
6 3 4 9 1
7 3 9 8 1
8 5 6 11 1
9 5 11 10 1
10 6 7 12 1
11 6 12 11 1
12 7 8 13 1
13 7 13 12 1
14 8 9 14 1
15 8 14 13 1
16 10 11 16 1
17 10 16 15 1
18 11 12 17 1
19 11 17 16 1
20 12 13 18 1
21 12 18 17 1
22 13 14 19 1
23 13 19 18 1
24 15 16 21 1
25 15 21 20 1
26 16 17 22 1
27 16 22 21 1
28 17 18 23 1
29 17 23 22 1
30 18 19 24 1
31 18 24 23 1
